n	random	almost_sort	sorted_rev
500	198	165	165	
600	235	202	208	
700	276	238	238	
800	329	274	280	
900	397	318	323	
1000	443	383	384	
1100	498	401	395	
1200	504	428	428	
1300	543	472	468	
1400	584	498	523	
1500	660	545	579	
1600	689	582	595	
1700	745	532	518	
1800	654	547	558	
1900	686	580	587	
2000	732	636	645	
2100	783	683	733	
2200	902	725	736	
2300	908	718	736	
2400	995	807	819	
2500	994	816	823	
2600	999	848	843	
2700	1037	864	895	
2800	1070	872	889	
2900	1076	911	963	
3000	1120	949	948	
3100	1175	975	991	
3200	1206	1074	1055	
3300	1256	1060	1067	
3400	1303	1104	1111	
3500	1335	1151	1125	
3600	1383	1261	1178	
3700	1420	1192	1205	
3800	1474	1265	1278	
3900	1491	1258	1277	
4000	1533	1501	1308	
4100	1584	1340	1359	
4200	1673	1475	1425	
4300	1697	1410	1435	
4400	1831	1439	1486	
4500	1756	1493	1508	
4600	1821	1524	1528	
4700	1844	1615	1570	
4800	1897	1594	1648	
4900	1957	1618	1640	
5000	1964	1796	1669	
5100	2008	1686	1705	
5200	2095	1700	1725	
5300	2083	1857	1779	
5400	2148	1772	1846	
5500	2174	1814	1866	
5600	2263	1851	1865	
5700	2265	1963	1931	
5800	2306	1948	1984	
5900	2361	1951	1989	
6000	2393	2039	2026	
6100	2496	2027	2063	
6200	2586	2138	2111	
6300	2552	2140	2195	
6400	2599	2162	2169	
6500	2664	2182	2316	
6600	2732	2389	2367	
6700	2750	2264	2297	
6800	2949	2334	2359	
6900	2849	2333	2379	
7000	2970	2374	2410	
7100	2935	2412	2443	
7200	3048	2446	2487	
7300	3007	2481	2497	
7400	3058	2509	2543	
7500	3098	2541	2609	
7600	3177	2602	2613	
7700	3158	2665	2661	
7800	3182	2673	2740	
7900	3243	2735	2844	
8000	3323	2769	2797	
8100	3321	2836	2838	
8200	3372	2879	2845	
8300	3449	2872	2962	
8400	3519	2896	2980	
8500	3513	2922	3023	
8600	3533	3035	3052	
8700	3648	2999	3032	
8800	3680	3023	3104	
8900	3685	3060	3080	
9000	3708	3110	3128	
9100	3751	3142	3178	
9200	3790	3212	3210	
9300	3862	3213	3242	
9400	3910	3397	3315	
9500	4060	3346	3418	
9600	4186	3306	3356	
9700	4069	3420	3429	
9800	4120	3417	3540	
9900	4143	3534	3470	
10000	4286	3503	3545	
10100	4199	3578	3535	
10200	4340	3522	3695	
10300	4275	3567	3592	
10400	4295	3749	3664	
10500	4393	3712	3759	
10600	4417	3702	3782	
10700	4477	3737	3791	
10800	4564	3764	3800	
10900	4563	3792	3848	
11000	4595	3814	3903	
11100	4635	3928	4184	
11200	4904	3914	3942	
11300	4750	3945	3986	
11400	4859	3988	4091	
11500	5114	4075	4212	
11600	4944	4184	4134	
11700	5073	4285	4307	
11800	5191	4107	4546	
11900	5097	4309	4209	
12000	5195	4435	4553	
12100	5133	4338	4313	
12200	5226	4394	4324	
12300	5619	4382	4799	
12400	5413	4565	4474	
12500	5546	4433	4747	
12600	5439	4497	4538	
12700	5457	4470	4606	
12800	5477	4587	4619	
12900	5482	4629	4710	
13000	5512	4631	4638	
13100	5601	4675	4686	
13200	5697	4730	4731	
13300	5805	4723	4787	
13400	5802	4804	4844	
13500	5810	4818	4927	
13600	5881	4812	4929	
13700	5915	4842	4995	
13800	5937	4877	5040	
13900	6103	4925	5088	
14000	6051	4979	5089	
14100	6052	5012	5148	
14200	6132	5037	5144	
14300	6198	5074	5141	
14400	6210	5141	5168	
14500	6441	5296	5215	
14600	6320	5266	5317	
14700	6331	5345	5331	
14800	6353	5374	5427	
14900	6457	5336	5447	
15000	6534	5340	5491	
15100	6569	5413	5489	
15200	6668	5548	5634	
15300	6637	5615	5691	
15400	6699	5513	5716	
15500	6763	5648	5641	
15600	6940	5612	5990	
15700	6908	5673	5798	
15800	6935	5752	5779	
15900	6878	5745	5825	
16000	6937	5736	5858	
16100	7001	5809	5853	
16200	7126	5884	6000	
16300	7142	5879	5980	
16400	7156	5983	5938	
16500	7140	5993	6250	
16600	7343	6042	6058	
16700	7533	6444	6404	
16800	7666	6370	6257	
16900	7702	6590	6470	
17000	7578	6575	6640	
17100	7695	6500	6451	
17200	7470	6545	6827	
17300	7787	6584	6542	
17400	7693	6361	6470	
17500	8109	6715	6704	
17600	8219	6603	6647	
17700	7807	6438	6537	
17800	7758	6452	6485	
17900	7860	6508	6625	
18000	7858	6530	6589	
18100	7924	6599	6626	
18200	7957	6628	6680	
18300	8007	6645	6682	
18400	8045	6681	6777	
18500	8150	6742	6826	
18600	8301	6794	6846	
18700	8164	6828	6873	
18800	8227	6898	6906	
18900	8287	6871	6971	
19000	8298	6915	6994	
19100	8353	6939	7016	
19200	8391	6998	7042	
19300	8476	7033	7080	
19400	8479	7036	7145	
19500	8566	7099	7185	
19600	8595	7152	7220	
19700	8637	7160	7236	
19800	8690	7197	7266	
19900	8758	7220	7308	
20000	8777	7285	7321	
20100	8753	7317	7479	
20200	8847	7334	7432	
20300	8887	7390	7443	
20400	8946	7458	7487	
20500	8995	7456	7490	
20600	9010	7469	7558	
20700	9078	7786	7946	
20800	9428	7786	7929	
20900	9428	7797	8015	
21000	9471	7791	7921	
21100	9644	7860	8033	
21200	9653	7982	8068	
21300	9665	8045	8095	
21400	9710	7992	7965	
21500	9413	7787	7885	
21600	9462	7851	7935	
21700	9570	7912	8016	
21800	9583	7943	8046	
21900	9681	7968	8106	
22000	9705	8057	8126	
22100	9734	8022	8130	
22200	9809	8050	8154	
22300	9792	8104	8181	
22400	9880	8156	8299	
22500	9936	8152	8258	
22600	9931	8191	8515	
22700	10140	8289	8358	
22800	10083	8318	8375	
22900	10140	8353	8452	
23000	10169	8419	8515	
23100	10233	8452	8549	
23200	10203	8438	8530	
23300	10262	8446	8580	
23400	10329	8476	8603	
23500	10401	8576	8679	
23600	10431	8648	8725	
23700	10485	8641	8760	
23800	10522	8673	8803	
23900	10542	8764	8807	
24000	10617	8712	8836	
24100	10649	8802	8930	
24200	10731	8852	8959	
24300	10813	8872	8983	
24400	10796	9091	9083	
24500	10874	8993	9087	
24600	10928	9023	9098	
24700	10949	9119	9206	
24800	11006	9077	9200	
24900	11059	9162	9267	
25000	11121	9179	9305	
25100	11177	9227	9342	
25200	11244	9250	9347	
25300	11309	9329	9474	
25400	11302	9319	9428	
25500	11342	9367	9471	
25600	11424	9448	9554	
25700	11443	9430	9558	
25800	11538	9605	9659	
25900	11587	9572	9671	
26000	11634	9604	9714	
26100	11741	9724	9724	
26200	11681	9694	9788	
26300	11823	9777	9844	
26400	11837	9818	9895	
26500	11890	9825	9957	
26600	11953	9847	9975	
26700	11968	9915	9994	
26800	12039	9995	10036	
26900	12047	9964	10077	
27000	12113	10066	10111	
27100	12093	10010	10158	
27200	12208	10090	10177	
27300	12183	10063	10209	
27400	12290	10177	10232	
27500	12331	10210	10330	
27600	12394	10397	10452	
27700	12547	10364	10414	
27800	12449	10272	10366	
27900	12537	10308	10434	
28000	12529	10333	10480	
28100	12617	10424	10567	
28200	12683	10468	11275	
28300	13574	12020	12126	
28400	13652	10702	10724	
28500	12770	10536	10745	
28600	12845	10620	10728	
28700	12834	10654	10813	
28800	12953	10714	10845	
28900	13029	10796	10902	
29000	13104	10785	11064	
29100	13168	10897	11020	
29200	13136	10925	11071	
29300	13255	10964	11096	
29400	13265	10945	11073	
29500	13258	10979	11146	
29600	13348	11069	11178	
29700	13481	11107	11283	
29800	13427	11097	11236	
29900	13498	11171	11279	
30000	13579	11214	11395	
30100	13577	11240	11389	
30200	13596	11208	11351	
30300	13614	11314	11498	
30400	13731	11324	11698	
30500	13907	11479	11570	
30600	13818	11418	11533	
30700	13915	11514	11584	
30800	13854	11463	11594	
30900	13938	11488	11705	
31000	13992	11555	11728	
31100	14014	11581	11706	
31200	14085	11711	11869	
31300	14134	11711	11831	
31400	14222	11715	11849	
31500	14203	11768	11927	
31600	14289	11773	11897	
31700	14295	11858	12135	
31800	14441	11907	12071	
31900	14449	11949	12107	
32000	14461	11954	12123	
32100	14556	12030	12166	
32200	14587	12069	12179	
32300	14640	12105	12245	
32400	14702	12155	12267	
32500	14703	12237	12341	
32600	14766	12209	12387	
32700	14826	12279	12368	
32800	14885	12356	12436	
32900	14978	12389	12501	
33000	14984	12545	12676	
33100	15173	12522	12608	
33200	15099	12534	12705	
33300	15139	12555	12671	
33400	15183	12589	12711	
33500	15222	12670	12732	
33600	15322	12643	12809	
33700	15345	12687	12862	
33800	15392	12787	12924	
33900	15427	12778	12916	
34000	15518	12857	12945	
34100	15529	12908	13021	
34200	15592	13124	13098	
34300	15680	12940	13072	
34400	15728	13019	13170	
34500	15725	13043	13178	
34600	15775	13127	13193	
34700	15838	13151	13338	
34800	15941	13225	13289	
34900	15946	13211	13330	
35000	15946	13254	13657	
35100	15992	13293	13403	
35200	16107	13332	13429	
35300	16125	13375	13476	
35400	16336	13545	13635	
35500	16294	13431	13535	
35600	16302	13468	13623	
35700	16281	13543	13659	
35800	16393	13608	13722	
35900	16410	13651	13767	
36000	16460	13672	13784	
36100	16567	13724	13782	
36200	16546	13804	13831	
36300	16588	13764	13908	
36400	16633	13815	13907	
36500	16680	14081	14104	
36600	16762	13922	14124	
36700	16777	13965	14081	
36800	16899	14012	14114	
36900	16892	14047	14202	
37000	17014	14188	14253	
37100	17004	14092	14247	
37200	17010	14142	14355	
37300	17183	14300	14358	
37400	17175	14226	14403	
37500	17262	14297	14366	
37600	17269	14538	14504	
37700	17408	14417	14482	
37800	17365	14472	14513	
37900	17313	14364	14559	
38000	17406	14432	14619	
38100	17507	14546	14627	
38200	17587	14482	14675	
38300	17599	14608	14731	
38400	17580	14579	14795	
38500	17673	14660	14812	
38600	17856	14683	14935	
38700	17872	14837	14913	
38800	17739	14780	14924	
38900	17858	14823	14964	
39000	17914	14845	14994	
39100	17902	14829	14985	
39200	17997	14931	15029	
39300	18038	14955	15103	
39400	18079	14990	15128	
39500	18134	15034	15164	
39600	18131	15034	15256	
39700	18379	15186	15382	
39800	18327	15053	15192	
39900	18651	15160	15268	
40000	18379	15136	15318	
40100	18424	15269	15396	
40200	18543	15284	15399	
40300	18517	15341	15460	
40400	18548	15342	15453	
40500	18618	15417	15542	
40600	18656	15438	15654	
40700	18906	15554	15636	
40800	18781	15549	15698	
40900	18853	15658	15747	
41000	18933	15685	15833	
41100	19002	15749	15906	
41200	18980	15667	15890	
41300	19061	15798	15916	
41400	19142	15797	15939	
41500	19081	15951	16019	
41600	19031	15771	15992	
41700	19304	16039	16123	
41800	19232	15896	16146	
41900	19207	15862	16065	
42000	19453	15999	16085	
42100	19434	16080	16246	
42200	19432	16125	16240	
42300	19384	16070	16338	
42400	19518	16126	16394	
42500	19586	16211	16531	
42600	20209	16476	16620	
42700	19744	16362	16559	
42800	19684	16362	16499	
42900	19849	16253	16580	
43000	19848	16383	16605	
43100	19895	16391	16596	
43200	20002	16529	16770	
43300	19980	16524	16641	
43400	20018	16563	16742	
43500	20069	16568	16997	
43600	20273	16659	16781	
43700	20185	16741	16889	
43800	20244	16633	16876	
43900	20275	16808	16923	
44000	20360	16776	16969	
44100	20382	17092	17020	
44200	20358	16849	17066	
44300	20382	16806	17091	
44400	20539	16868	17093	
44500	20860	16991	17159	
44600	20669	17234	17124	
44700	20605	17110	17159	
44800	20689	17044	17203	
44900	20678	17036	17269	
45000	20793	17090	17333	
45100	20831	17138	17382	
45200	20900	17268	17422	
45300	20957	17294	17664	
45400	21180	17428	17462	
45500	20959	17412	17597	
45600	21048	17309	17645	
45700	21140	17416	17595	
45800	21125	17403	17684	
45900	21294	17533	17739	
46000	21291	17508	17816	
46100	21380	17593	17832	
46200	21409	17650	18120	
46300	21455	17622	17962	
46400	21400	17638	17916	
46500	21513	17758	17983	
46600	21582	17814	18038	
46700	21641	17912	18165	
46800	21708	17918	18090	
46900	21682	17938	18141	
47000	21762	17848	18109	
47100	21930	18021	18378	
47200	21899	17992	18333	
47300	21836	18141	18291	
47400	21973	18126	18284	
47500	21977	18073	18334	
47600	22050	18231	18435	
47700	22048	18171	18489	
47800	22046	18258	18473	
47900	22245	18211	18753	
48000	22255	18364	18606	
48100	22334	18373	18533	
48200	22281	18325	18647	
48300	22388	18435	18647	
48400	22424	18434	18636	
48500	22561	18711	18705	
48600	22428	18515	18741	
48700	22571	18657	18868	
48800	22876	18818	18842	
48900	22601	18771	18943	
49000	22615	18765	18925	
49100	22781	18827	19129	
49200	22725	18824	19075	
49300	22856	18908	19013	
49400	22927	18850	19085	
49500	23119	19002	19254	
49600	23333	19134	19247	
49700	23220	19086	19322	
49800	23220	19082	19341	
49900	23186	19207	19463	
50000	23306	19296	19494	
50100	23436	19346	19555	
50200	23467	19253	19424	
50300	23397	19322	19531	
50400	23737	19466	19672	
50500	23541	19446	19617	
50600	23598	19452	19620	
50700	23622	19536	19811	
50800	23659	19531	19823	
50900	23763	19621	19856	
51000	23788	19641	19872	
51100	23812	19687	20081	
51200	23970	19782	19935	
51300	24067	19835	20061	
51400	24042	19799	20092	
51500	24030	19883	20118	
51600	24162	19961	20265	
51700	24287	19922	20199	
51800	24254	20033	20316	
51900	24321	20279	20459	
52000	24449	20062	20553	
52100	24487	20162	20368	
52200	24471	20203	20412	
52300	24526	20175	20433	
52400	24588	20300	20527	
52500	24565	20213	20530	
52600	24650	20386	20634	
52700	24875	20580	20659	
52800	24744	20394	20670	
52900	24718	20501	20734	
53000	24869	20570	20833	
53100	24894	20523	20814	
53200	24864	20610	20763	
53300	25181	20705	20934	
53400	24996	20822	21093	
53500	25183	20749	21071	
53600	25110	20706	20939	
53700	25118	20903	20996	
53800	25160	20856	21085	
53900	25247	20830	21110	
54000	25317	20951	21095	
54100	25370	20981	21311	
54200	25638	20998	21289	
54300	25378	20992	21203	
54400	25651	21108	21358	
54500	25531	21074	21272	
54600	25697	21144	21445	
54700	25710	21185	21417	
54800	25672	21109	21478	
54900	25840	21743	22376	
55000	28072	23299	22298	
55100	26682	22027	22353	
55200	26801	22175	22473	
55300	26884	22259	22508	
55400	26944	22288	22566	
55500	26978	22273	22467	
55600	27115	22392	22643	
55700	27112	21921	21903	
55800	26193	21603	21948	
55900	26173	21626	21999	
56000	26321	21807	22045	
56100	26329	21784	22052	
56200	26394	21785	22067	
56300	26692	22089	22078	
56400	26378	21874	22038	
56500	26527	21844	22093	
56600	26502	21970	22265	
56700	26568	21940	22301	
56800	26616	22070	22372	
56900	26732	22171	22421	
57000	26996	22247	22444	
57100	26885	22199	22416	
57200	26983	22203	22594	
57300	27020	22234	22605	
57400	27059	22391	22700	
57500	27132	22378	22629	
57600	26972	22379	22806	
57700	27323	22476	22646	
57800	27250	22369	22726	
57900	27197	22518	22731	
58000	27182	22524	22833	
58100	27359	22578	22879	
58200	27360	22619	22978	
58300	27334	22662	23274	
58400	27509	22644	23057	
58500	27521	22808	23127	
58600	27457	22897	23143	
58700	27630	22772	23140	
58800	27645	22736	23195	
58900	27783	22863	23155	
59000	27778	23146	23476	
59100	27851	22897	23338	
59200	27863	23077	23369	
59300	27803	22993	23341	
59400	27926	23153	23464	
59500	28061	23087	23394	
59600	28001	23116	23579	
59700	28344	23344	23709	
59800	28159	23325	23628	
59900	28255	23427	23726	
60000	28266	23356	23722	
60100	28434	23392	23828	
60200	28248	23399	23852	
60300	28364	23681	24056	
60400	28632	23473	23824	
60500	28435	23612	23944	
60600	28568	23688	24004	
60700	28492	23609	24036	
60800	28661	23700	24018	
60900	28644	23791	24077	
61000	29040	23790	24016	
61100	28866	23857	24043	
61200	28873	23865	24188	
61300	28856	23940	24285	
61400	29063	23985	24280	
61500	28925	24006	24329	
61600	29094	24291	24529	
61700	29135	24158	24297	
61800	29159	24169	24436	
61900	29243	24121	24362	
62000	29801	25695	26130	
62100	31078	25824	26766	
62200	30310	26652	25766	
62300	30763	25625	25983	
62400	29495	24346	24682	
62500	29470	24447	24762	
62600	29584	24514	24770	
62700	29565	24443	24785	
62800	29676	24555	24986	
62900	29960	24652	24893	
63000	29817	24582	24874	
63100	29721	24688	24970	
63200	29862	24685	24982	
63300	29904	24717	25021	
63400	30051	24881	25154	
63500	30306	24993	25217	
63600	30173	24950	25262	
63700	30179	25000	25329	
63800	30260	25023	25345	
63900	30352	25044	25258	
64000	30254	24985	25320	
64100	30520	25285	25418	
64200	30440	25166	25369	
64300	30362	25136	25439	
64400	30401	25227	25514	
64500	30422	25232	25550	
64600	30580	25847	25637	
64700	30792	25491	25612	
64800	30674	25431	25683	
64900	30674	25419	25746	
65000	30758	25492	25816	
65100	30914	25518	25817	
65200	30857	25489	25807	
65300	30919	25811	26033	
65400	30953	25677	25870	
65500	30968	25682	26018	
65600	31090	25796	25979	
65700	31148	25839	26030	
65800	31211	25836	26093	
65900	31449	25980	26157	
66000	31352	26001	26180	
66100	31348	25955	26300	
66200	31353	26036	26412	
66300	31530	26161	26379	
66400	31523	26101	26455	
66500	31987	26355	26452	
66600	31721	26284	26533	
66700	31697	26304	26615	
66800	31755	26339	26585	
66900	31731	26468	26786	
67000	31904	26520	26684	
67100	32131	26524	26836	
67200	31955	26586	26789	
67300	32056	26578	26854	
67400	32119	26664	26984	
67500	32149	26772	26885	
67600	32189	26689	27224	
67700	32426	26777	27079	
67800	32281	26820	27050	
67900	32621	26945	27108	
68000	32425	26842	27180	
68100	32473	27209	27211	
68200	32477	27247	27272	
68300	32579	27031	27219	
68400	32560	27155	27284	
68500	32596	27126	27414	
68600	32686	27146	27426	
68700	32718	27110	27521	
68800	33089	27406	27495	
68900	32865	27286	27508	
69000	32911	27252	27576	
69100	32959	27336	27589	
69200	32920	27518	27689	
69300	33128	27498	27858	
69400	33152	27431	27689	
69500	33259	27682	27920	
69600	33356	27662	27903	
69700	33399	27730	27754	
69800	33167	27557	27872	
69900	33404	27973	28027	
70000	33379	27824	27958	
70100	33356	27717	28001	
70200	33441	27726	28036	
70300	33515	27815	28146	
70400	33556	27947	28281	
70500	33753	27993	28227	
70600	33619	28054	28210	
70700	33620	28082	28300	
70800	33930	28148	28340	
70900	33842	28114	28310	
71000	34030	28457	28536	
71100	33956	28262	28438	
71200	33966	28205	28534	
71300	34119	28314	28538	
71400	34023	28314	28566	
71500	34147	28361	28925	
71600	34261	28482	28569	
71700	34261	28508	28692	
71800	34326	28631	28858	
71900	34347	28587	28699	
72000	34358	28552	28858	
72100	34771	28799	28883	
72200	34613	28666	28895	
72300	34563	28718	29199	
72400	34700	28731	29025	
72500	34639	28946	29008	
72600	34725	29106	29115	
72700	34780	28793	29047	
72800	34793	28804	29157	
72900	34889	28949	29139	
73000	34889	29087	29264	
73100	34991	29154	29463	
73200	35308	29134	29329	
73300	35072	29217	29455	
73400	35012	29237	29426	
73500	35238	29253	29491	
73600	35222	29332	29483	
73700	35608	29319	29539	
73800	35357	29349	29543	
73900	35434	29578	29734	
74000	35500	29379	29682	
74100	35523	29513	29652	
74200	36041	29982	29843	
74300	35619	29639	29792	
74400	35734	29660	29896	
74500	35714	29787	29964	
74600	35829	29849	30011	
74700	35947	30121	30097	
74800	35839	29817	30092	
74900	36112	29850	30111	
75000	36070	29863	30308	
75100	35965	29896	30212	
75200	36017	29985	30421	
75300	36239	29895	30323	
75400	36043	30008	30190	
75500	36302	30034	30351	
75600	36752	30131	30281	
75700	36276	30164	30624	
75800	36349	30185	30460	
75900	36486	30212	30570	
76000	36418	30243	30527	
76100	36453	30187	30719	
76200	36530	30289	30784	
76300	36787	30363	30651	
76400	36468	30254	30563	
76500	36522	30358	30728	
76600	36588	30565	30715	
76700	36793	30603	30933	
76800	36887	30498	30808	
76900	36808	30630	30976	
77000	36938	30625	30815	
77100	36958	30702	31035	
77200	37044	30695	31230	
77300	37276	30956	31044	
77400	37125	30891	31159	
77500	37102	30805	31094	
77600	37225	30857	31261	
77700	37249	30953	31508	
77800	37487	30848	31251	
77900	37283	31027	31256	
78000	37413	31122	31386	
78100	37333	31044	31233	
78200	37549	31197	31483	
78300	37614	31087	31510	
78400	37892	31355	31366	
78500	37613	31135	31610	
78600	37602	31199	31395	
78700	37770	31252	31915	
78800	37837	31328	31596	
78900	37903	31394	31743	
79000	37868	31403	31686	
79100	37895	31512	31786	
79200	37918	31638	31953	
79300	38001	31478	31733	
79400	38101	31628	31851	
79500	38035	31645	32029	
79600	38209	31882	32081	
79700	38352	32011	32139	
79800	38407	31802	32105	
79900	38434	31852	32113	
80000	38522	32043	32111	
80100	38384	31899	32120	
80200	38567	31926	32368	
80300	38564	31794	32170	
80400	38567	31974	32182	
80500	38545	32021	32338	
80600	38613	32045	32360	
80700	39072	31997	32290	
80800	38613	32071	32423	
80900	38796	32209	32463	
81000	38808	32281	32556	
81100	38824	32275	32621	
81200	39258	32119	32484	
81300	38973	32283	32588	
81400	39030	32272	32478	
81500	38882	32184	32491	
81600	39170	32552	32864	
81700	39133	32468	32572	
81800	39268	32507	32645	
81900	39292	32620	32799	
82000	39278	32449	33068	
82100	39335	33183	32920	
82200	39547	32806	32884	
82300	39519	32592	32883	
82400	39544	32648	32938	
82500	39589	32703	33261	
82600	39911	33024	33238	
82700	39539	32925	33106	
82800	39834	33077	33279	
82900	39812	32793	33384	
83000	39901	33086	33517	
83100	40120	32916	33194	
83200	39818	32865	33502	
83300	40097	33269	33487	
83400	40036	33243	33579	
83500	40071	33279	33567	
83600	40089	33212	33664	
83700	40223	33337	33808	
83800	40375	33342	33749	
83900	40237	33381	33801	
84000	40648	33319	33899	
84100	40337	33279	33678	
84200	40631	33450	33876	
84300	40623	33682	34135	
84400	40635	34069	34035	
84500	40662	33772	34137	
84600	40886	33850	34297	
84700	40889	33799	34143	
84800	40789	33863	34192	
84900	41318	33827	34301	
85000	40981	33893	34137	
85100	40787	33886	34227	
85200	41033	33762	34344	
85300	41000	34008	34580	
85400	41018	34101	34313	
85500	41126	34013	34574	
85600	41216	34171	34612	
85700	41275	34184	34633	
85800	41636	34199	34607	
85900	41449	34223	34662	
86000	41401	34270	34692	
86100	41479	34273	34741	
86200	41562	34594	35026	
86300	41653	34431	34804	
86400	41686	34464	34877	
86500	41653	34486	34960	
86600	41776	34576	35377	
86700	42293	34660	35042	
86800	42000	34769	35156	
86900	41911	34536	35105	
87000	41841	34479	34893	
87100	41911	35096	35203	
87200	41870	34674	35099	
87300	42780	34897	35240	
87400	41975	34832	35249	
87500	42200	34968	35916	
87600	42484	34872	35238	
87700	42414	34863	35450	
87800	42278	35022	35485	
87900	42386	34899	35398	
88000	42729	35069	35562	
88100	42513	35172	35536	
88200	42903	35847	35676	
88300	42645	35069	36111	
88400	45383	37798	37032	
88500	44016	36566	37008	
88600	44317	36622	37025	
88700	44251	36617	37068	
88800	44471	36721	36361	
88900	42972	35628	36032	
89000	43249	35602	36065	
89100	43239	35583	36152	
89200	43069	35574	35740	
89300	43649	35637	35974	
89400	43015	35771	36034	
89500	43125	35562	36107	
89600	43211	35904	35949	
89700	43437	35844	36218	
89800	43147	35814	36341	
89900	43457	35780	36199	
90000	43482	35956	36369	
90100	43474	36202	36511	
90200	43554	36014	36383	
90300	43510	36096	36286	
90400	43614	36124	36317	
90500	43964	36563	36897	
90600	43820	36178	36461	
90700	43752	36169	36673	
90800	43854	36182	36692	
90900	43691	36067	36738	
91000	44097	36342	36799	
91100	43990	36340	36695	
91200	43848	36564	36841	
91300	44168	36368	36715	
91400	44299	36771	36787	
91500	44311	37139	38218	
91600	44355	36334	36872	
91700	44279	36591	36923	
91800	44479	37100	37111	
91900	44441	36803	37046	
92000	44227	36616	37107	
92100	44493	36643	37216	
92200	44533	37039	37418	
92300	44723	36836	37315	
92400	44620	36925	37279	
92500	44701	36896	37358	
92600	44831	36823	37689	
92700	44736	37021	37273	
92800	44630	36877	37481	
92900	44864	37009	37717	
93000	45098	37343	37727	
93100	45193	37326	37732	
93200	45313	37343	37858	
93300	45036	37366	37637	
93400	45136	37459	37746	
93500	45409	37383	37762	
93600	45099	37406	37891	
93700	45313	37308	37724	
93800	45211	37447	37946	
93900	45762	37513	37913	
94000	45315	37477	38121	
94100	45515	37576	38120	
94200	45479	37602	38166	
94300	45817	37865	38171	
94400	45580	37626	38148	
94500	45708	37766	38198	
94600	46688	40990	39828	
94700	46024	38018	38307	
94800	45868	37885	38217	
94900	46007	37823	38291	
95000	45945	37914	38357	
95100	46118	38091	38422	
95200	45915	37992	38528	
95300	45957	38055	38624	
95400	46112	37968	38580	
95500	46222	38426	38669	
95600	46281	38208	38576	
95700	46138	38035	38684	
95800	46161	38169	38552	
95900	46601	38463	38743	
96000	46445	38939	38814	
96100	46533	38358	38869	
96200	46484	38290	38849	
96300	46702	38571	39006	
96400	46460	38327	38987	
96500	46709	38446	39063	
96600	46567	38478	39119	
96700	46884	38793	39207	
96800	46907	38656	39114	
96900	46896	38810	39407	
97000	47193	38804	39243	
97100	47504	39114	39515	
97200	47237	38908	39330	
97300	47138	38780	39326	
97400	47028	38862	39312	
97500	47586	39038	39423	
97600	47789	38933	39454	
97700	47179	39212	39537	
97800	47291	39155	39590	
97900	47660	39399	39567	
98000	47272	39866	39762	
98100	47459	39191	39553	
98200	47416	39305	39559	
98300	47770	39260	39763	
98400	47486	39501	40590	
98500	47845	39581	39867	
98600	47697	39348	40166	
98700	47945	39648	39966	
98800	47813	39770	40210	
98900	47839	39722	40056	
99000	47967	39812	40458	
99100	48028	39964	40193	
99200	48095	39823	40250	
99300	48204	39771	40111	
99400	48273	40105	40405	
99500	48273	40015	40241	
99600	48401	40099	40210	
99700	48292	40081	40517	
99800	48384	40404	40444	
99900	48562	40037	40546	
100000	48661	40122	40590	
